0.7916431427001953 1035 0
0.39615321159362793 1033 1
1.1444764137268066 1034 2
0.9550411701202393 1034 3
0.46000099182128906 1032 4
0.9763681888580322 1035 5
0.9699735641479492 1035 6
1.1168982982635498 1033 7
0.8466134071350098 1033 8
0.498960018157959 1028 9
2.433328628540039 1035 10
0.6320371627807617 1025 11
0.18601012229919434 1031 12
1.2735188007354736 1033 13
0.764000415802002 1034 14
0.5169994831085205 1033 15
0.8135056495666504 1033 16
0.5030109882354736 1032 17
0.46200013160705566 1032 18
0.11203908920288086 1030 19
0.29262614250183105 1033 20
0.24899983406066895 1026 21
0.787083625793457 1033 22
0.5880303382873535 1034 23
1.3741562366485596 1035 24
0.5242519378662109 1034 25
0.5469999313354492 1033 26
0.8670001029968262 1034 27
0.9460005760192871 1035 28
1.285998821258545 1035 29
0.1959991455078125 1030 30
0.322965145111084 1032 31
0.8500015735626221 1033 32
2.164006233215332 1034 33
0.3355991840362549 1030 34
0.4859895706176758 1033 35
0.4480018615722656 1034 36
0.47984838485717773 1030 37
0.1009974479675293 1026 38
1.0920071601867676 1035 39
0.6350514888763428 1034 40
1.1509652137756348 1035 41
0.39403390884399414 1034 42
0.6627509593963623 1034 43
0.5010323524475098 1034 44
0.16000080108642578 1031 45
0.7000885009765625 1034 46
0.19903302192687988 1032 47
0.3940269947052002 1033 48
0.7970311641693115 1034 49
0.8290486335754395 1035 50
0.2110309600830078 1033 51
0.987602710723877 1033 52
0.8299987316131592 1032 53
0.45903873443603516 1034 54
0.6990406513214111 1034 55
0.7158620357513428 1032 56
0.8739988803863525 1035 57
1.5427048206329346 1036 58
0.6599664688110352 1034 59
0.7919940948486328 1035 60
1.2747631072998047 1034 61
0.9157102108001709 1034 62
0.12499666213989258 1028 63
0.17400097846984863 1030 64
0.09999871253967285 1028 65
0.841010332107544 1034 66
0.34463071823120117 1033 67
0.5368301868438721 1033 68
0.9891636371612549 1034 69
0.55299973487854 1033 70
0.27300000190734863 1032 71
0.3800375461578369 1033 72
1.030000925064087 1034 73
0.7130460739135742 1034 74
0.6280031204223633 1034 75
1.0390725135803223 1035 76
0.9040000438690186 1035 77
0.9442646503448486 1034 78
1.0700485706329346 1035 79
0.8799619674682617 1034 80
0.2690000534057617 1033 81
0.622079610824585 1034 82
0.8087596893310547 1034 83
0.5159657001495361 1031 84
1.1000001430511475 1033 85
1.0440359115600586 1031 86
1.6574151515960693 1035 87
0.4130973815917969 1034 88
0.2209932804107666 1030 89
0.9348039627075195 1033 90
0.5061070919036865 1032 91
1.1340196132659912 1036 92
1.7801568508148193 1035 93
0.2079603672027588 1030 94
0.8814506530761719 1033 95
0.9170393943786621 1035 96
1.243332862854004 1034 97
0.7130019664764404 1034 98
0.5110330581665039 1034 99
0.8000638484954834 1033 100
0.4640326499938965 1034 101
0.9460556507110596 1035 102
0.6251139640808105 1032 103
0.5259995460510254 1035 104
0.7330594062805176 1034 105
0.1829996109008789 1032 106
0.24499964714050293 1032 107
0.6760087013244629 1033 108
0.35326147079467773 1033 109
0.20525264739990234 1032 110
0.2971837520599365 1033 111
0.1320357322692871 1031 112
0.8829996585845947 1035 113
0.1100003719329834 1029 114
0.2429978847503662 1030 115
1.048114538192749 1035 116
0.4590003490447998 1031 117
0.3270387649536133 1028 118
0.8855597972869873 1035 119
0.2949564456939697 1033 120
0.42899131774902344 1033 121
0.29000401496887207 1032 122
1.185011386871338 1031 123
0.8280365467071533 1034 124
0.3339667320251465 1033 125
1.2130792140960693 1035 126
0.4630012512207031 1034 127
0.7580199241638184 1034 128
0.45705366134643555 1029 129
2.137990713119507 1033 130
0.23900604248046875 1029 131
0.4217836856842041 1029 132
0.44876646995544434 1030 133
1.6910817623138428 1036 134
0.48806190490722656 1026 135
0.26424169540405273 1032 136
1.1258902549743652 1034 137
0.4149744510650635 1033 138
0.9250051975250244 1035 139
0.48316168785095215 1033 140
0.7079751491546631 1034 141
0.6580002307891846 1034 142
1.6977887153625488 1035 143
0.894996166229248 1032 144
0.7260358333587646 1034 145
0.41997694969177246 1034 146
0.38902926445007324 1032 147
0.48596978187561035 1031 148
0.886070728302002 1035 149
0.42196178436279297 1033 150
0.16700005531311035 1030 151
0.3040001392364502 1033 152
1.4091274738311768 1035 153
1.0030004978179932 1033 154
1.133321762084961 1034 155
0.21805644035339355 1032 156
0.5730206966400146 1034 157
0.5350003242492676 1034 158
0.9936020374298096 1035 159
1.3534212112426758 1034 160
0.1696012020111084 1031 161
0.4711873531341553 1032 162
0.8811483383178711 1032 163
0.4320089817047119 1031 164
0.5830466747283936 1033 165
1.2350707054138184 1034 166
0.9910039901733398 1034 167
0.3740215301513672 1034 168
0.7099995613098145 1033 169
0.8741030693054199 1034 170
0.9959986209869385 1034 171
0.316009521484375 1033 172
0.251018762588501 1033 173
0.31604957580566406 1030 174
0.18901801109313965 1030 175
0.39299893379211426 1034 176
0.6150004863739014 1034 177
0.20199990272521973 1032 178
0.5620119571685791 1034 179
0.6000406742095947 1033 180
1.2250308990478516 1033 181
0.2499990463256836 1032 182
0.13499999046325684 1030 183
0.5700294971466064 1034 184
0.5449998378753662 1032 185
0.312999963760376 1033 186
0.9080452919006348 1034 187
0.29799842834472656 1030 188
0.8349757194519043 1035 189
0.9999995231628418 1034 190
1.7845046520233154 1035 191
3.082784414291382 1036 192
0.8936476707458496 1034 193
0.46208906173706055 1030 194
0.3379650115966797 1033 195
1.2890374660491943 1035 196
0.3300595283508301 1028 197
0.44199609756469727 1034 198
0.5598912239074707 1032 199
0.6979992389678955 1034 200
0.5639986991882324 1035 201
0.7136116027832031 1034 202
0.6340019702911377 1032 203
0.7965493202209473 1035 204
2.0461480617523193 1035 205
0.28013134002685547 1030 206
1.065150499343872 1034 207
0.7019999027252197 1034 208
0.24300241470336914 1031 209
0.6176409721374512 1034 210
0.9729993343353271 1030 211
0.28802037239074707 1032 212
0.9816265106201172 1035 213
0.4159257411956787 1033 214
0.1490001678466797 1030 215
1.054565191268921 1034 216
0.21796298027038574 1032 217
1.0274500846862793 1035 218
1.4084653854370117 1035 219
1.2360930442810059 1034 220
1.5208609104156494 1035 221
1.7290394306182861 1036 222
1.2859292030334473 1035 223
0.45599985122680664 1032 224
0.5800004005432129 1034 225
0.3659994602203369 1033 226
0.5701806545257568 1033 227
0.9319989681243896 1034 228
1.4255130290985107 1035 229
0.5550129413604736 1033 230
0.10100007057189941 1030 231
1.1969997882843018 1032 232
0.336000919342041 1031 233
0.9700102806091309 1032 234
0.40852904319763184 1032 235
0.42799925804138184 1033 236
0.12800002098083496 1030 237
1.5460007190704346 1033 238
0.5209994316101074 1032 239
0.5779998302459717 1034 240
0.32921934127807617 1029 241
0.7509629726409912 1032 242
1.1449995040893555 1035 243
1.217111587524414 1035 244
2.068992853164673 1036 245
0.9282090663909912 1034 246
0.9040017127990723 1035 247
0.6460115909576416 1032 248
0.49105358123779297 1033 249
0.18700265884399414 1030 250
0.5789980888366699 1034 251
0.3359999656677246 1033 252
0.23099851608276367 1029 253
0.618140697479248 1034 254
0.7978699207305908 1035 255
0.6261446475982666 1032 256
0.803966760635376 1035 257
1.2120451927185059 1034 258
1.233036756515503 1034 259
1.0011260509490967 1034 260
1.7059996128082275 1032 261
0.2259974479675293 1032 262
0.40274763107299805 1031 263
0.5325613021850586 1031 264
1.1049995422363281 1034 265
1.3772199153900146 1033 266
0.46300649642944336 1033 267
1.3579955101013184 1035 268
0.4349958896636963 1032 269
0.1790008544921875 1030 270
0.1860048770904541 1032 271
0.9899945259094238 1034 272
0.2664618492126465 1033 273
0.5363507270812988 1033 274
0.8400938510894775 1030 275
0.663205623626709 1034 276
2.2430005073547363 1036 277
0.2530050277709961 1030 278
0.3819601535797119 1033 279
0.6430373191833496 1034 280
0.603177547454834 1033 281
2.043619155883789 1036 282
1.5110092163085938 1035 283
0.317000150680542 1032 284
0.3840000629425049 1031 285
0.2960371971130371 1033 286
0.3769998550415039 1033 287
2.1630218029022217 1035 288
0.8899984359741211 1033 289
0.38699984550476074 1033 290
0.3360016345977783 1033 291
0.6120338439941406 1034 292
0.9977760314941406 1035 293
0.2890005111694336 1030 294
0.1770162582397461 1029 295
0.6220107078552246 1032 296
0.2930004596710205 1026 297
0.5380089282989502 1032 298
0.5800004005432129 1033 299
0.32000017166137695 1032 300
0.7590000629425049 1034 301
0.4360833168029785 1032 302
0.5880730152130127 1034 303
0.22300100326538086 1032 304
0.7199990749359131 1034 305
0.9421513080596924 1034 306
0.6154792308807373 1030 307
0.7609570026397705 1034 308
0.5721216201782227 1033 309
0.2480001449584961 1032 310
0.6350033283233643 1033 311
0.6281006336212158 1034 312
1.2420406341552734 1034 313
0.15303421020507812 1030 314
1.0270013809204102 1034 315
0.581995964050293 1034 316
0.3679687976837158 1032 317
0.26601171493530273 1031 318
0.5375833511352539 1034 319
0.7299997806549072 1034 320
0.14399957656860352 1030 321
0.17399954795837402 1032 322
0.7755541801452637 1034 323
0.17903614044189453 1032 324
0.8758425712585449 1034 325
0.15999865531921387 1030 326
0.4160006046295166 1032 327
0.3489654064178467 1031 328
0.49300050735473633 1034 329
0.7246501445770264 1034 330
0.839003324508667 1033 331
0.38800048828125 1032 332
1.7800235748291016 1035 333
0.2969651222229004 1028 334
0.4909987449645996 1034 335
0.9610185623168945 1035 336
0.4975440502166748 1033 337
0.5919985771179199 1033 338
0.29399991035461426 1030 339
0.326000452041626 1032 340
0.21399950981140137 1031 341
0.3950009346008301 1032 342
1.566061019897461 1036 343
0.2990000247955322 1033 344
1.091672420501709 1034 345
0.6129980087280273 1034 346
0.16299915313720703 1031 347
0.2870054244995117 1032 348
0.2279951572418213 1033 349
0.27300143241882324 1030 350
0.8098235130310059 1035 351
1.3681385517120361 1034 352
0.44415974617004395 1033 353
0.26496434211730957 1032 354
0.9520008563995361 1035 355
0.26903438568115234 1032 356
1.163271427154541 1035 357
0.9209995269775391 1035 358
0.2760472297668457 1032 359
0.40600085258483887 1032 360
0.8829996585845947 1035 361
0.9129655361175537 1034 362
0.3820335865020752 1033 363
0.4530003070831299 1034 364
0.7320005893707275 1031 365
0.8450005054473877 1035 366
0.4789998531341553 1032 367
1.935007095336914 1033 368
0.739039421081543 1033 369
1.1129982471466064 1035 370
1.24900221824646 1034 371
1.581963300704956 1035 372
0.4519996643066406 1033 373
1.3933196067810059 1035 374
0.24201011657714844 1031 375
0.4089970588684082 1031 376
0.48204493522644043 1032 377
0.5999612808227539 1033 378
0.31603193283081055 1032 379
0.9359982013702393 1035 380
0.24900031089782715 1033 381
0.35000109672546387 1032 382
0.7430095672607422 1034 383
0.30103158950805664 1030 384
0.44800257682800293 1032 385
0.8729991912841797 1033 386
0.3882639408111572 1034 387
0.4566762447357178 1034 388
1.2070796489715576 1035 389
0.20199847221374512 1031 390
0.41100478172302246 1032 391
1.2979121208190918 1031 392
0.37398290634155273 1031 393
0.2559983730316162 1032 394
0.951624870300293 1035 395
0.3285646438598633 1031 396
0.37719058990478516 1033 397
0.24296355247497559 1027 398
1.1390318870544434 1033 399
0.6980504989624023 1034 400
1.041999101638794 1033 401
0.7429671287536621 1035 402
0.4227721691131592 1031 403
0.35903096199035645 1032 404
0.5210011005401611 1033 405
0.18900036811828613 1030 406
0.8869986534118652 1031 407
0.6581776142120361 1034 408
0.4140005111694336 1031 409
0.8059146404266357 1028 410
0.5270094871520996 1033 411
0.26796436309814453 1031 412
0.42407846450805664 1032 413
0.7540223598480225 1033 414
0.47603893280029297 1033 415
0.2934250831604004 1032 416
0.8664484024047852 1033 417
0.3640003204345703 1030 418
0.873964786529541 1033 419
0.11103677749633789 1030 420
0.637995719909668 1034 421
0.39800238609313965 1033 422
1.0646567344665527 1035 423
0.8150005340576172 1035 424
0.5369999408721924 1034 425
0.4869997501373291 1034 426
0.5299997329711914 1030 427
0.6270129680633545 1035 428
0.2560000419616699 1031 429
0.4625060558319092 1032 430
1.1920125484466553 1035 431
0.9170000553131104 1035 432
1.0845057964324951 1034 433
0.8130438327789307 1034 434
0.6179924011230469 1034 435
0.22700095176696777 1029 436
0.8590273857116699 1034 437
0.468966007232666 1034 438
1.039034366607666 1033 439
0.3719978332519531 1032 440
1.1967761516571045 1034 441
1.332970380783081 1035 442
0.9631729125976562 1034 443
0.5589966773986816 1034 444
0.5889999866485596 1031 445
0.10221076011657715 1027 446
0.15273714065551758 1031 447
0.3780851364135742 1032 448
0.28799962997436523 1031 449
0.4739992618560791 1030 450
0.2350006103515625 1031 451
1.2189996242523193 1033 452
0.501000165939331 1033 453
0.19999909400939941 1031 454
0.5651068687438965 1034 455
1.0179972648620605 1035 456
0.5639998912811279 1034 457
0.8507757186889648 1034 458
1.1361067295074463 1036 459
0.5080358982086182 1033 460
0.9870114326477051 1034 461
1.3160388469696045 1035 462
1.0379905700683594 1035 463
0.3150451183319092 1033 464
0.2969996929168701 1030 465
0.800997257232666 1035 466
0.3110024929046631 1032 467
0.41699981689453125 1033 468
0.2989978790283203 1031 469
0.30300307273864746 1032 470
2.498159408569336 1035 471
0.38699889183044434 1031 472
1.399038314819336 1035 473
0.26400041580200195 1032 474
0.17899775505065918 1031 475
0.8149683475494385 1033 476
0.8941223621368408 1035 477
1.132582187652588 1035 478
0.7370584011077881 1033 479
0.4440133571624756 1033 480
0.4900703430175781 1032 481
0.756035566329956 1034 482
0.2609989643096924 1033 483
1.6025927066802979 1036 484
1.245189905166626 1027 485
0.684058427810669 1033 486
0.3280503749847412 1033 487
0.6699976921081543 1034 488
0.4319648742675781 1032 489
0.3739960193634033 1033 490
1.6891131401062012 1032 491
0.5113816261291504 1032 492
1.7571663856506348 1034 493
0.16403508186340332 1031 494
0.42600059509277344 1032 495
1.2370011806488037 1035 496
0.694124698638916 1035 497
0.3130338191986084 1033 498
0.5226733684539795 1030 499
0.34800028800964355 1033 500
0.886000394821167 1034 501
1.0510804653167725 1035 502
1.3850362300872803 1034 503
0.9050002098083496 1034 504
0.3769800662994385 1033 505
0.5241835117340088 1032 506
0.4850175380706787 1032 507
0.4670877456665039 1032 508
0.6740005016326904 1034 509
0.7728381156921387 1032 510
2.1519834995269775 1036 511
0.3329954147338867 1031 512
1.124145269393921 1035 513
0.3940010070800781 1033 514
0.4739656448364258 1033 515
0.8140320777893066 1035 516
0.6370015144348145 1030 517
0.1719989776611328 1031 518
0.5720212459564209 1034 519
1.1712117195129395 1034 520
0.9929640293121338 1034 521
0.7322025299072266 1031 522
1.235030174255371 1032 523
1.4829623699188232 1036 524
0.5800018310546875 1034 525
0.20651769638061523 1032 526
1.8099298477172852 1035 527
0.3869740962982178 1033 528
1.96213698387146 1034 529
1.6769592761993408 1035 530
0.4401895999908447 1030 531
0.6051850318908691 1034 532
0.958113431930542 1033 533
0.14899230003356934 1030 534
0.40401387214660645 1032 535
0.36723780632019043 1032 536
1.7912514209747314 1036 537
0.48802733421325684 1032 538
0.259995698928833 1033 539
0.7971446514129639 1031 540
0.7409987449645996 1033 541
0.5630109310150146 1032 542
0.6929786205291748 1032 543
1.7390470504760742 1034 544
0.7899985313415527 1034 545
0.28296566009521484 1031 546
0.8811132907867432 1035 547
0.8970177173614502 1033 548
0.43401002883911133 1033 549
0.5830104351043701 1031 550
1.8520171642303467 1033 551
0.31599950790405273 1032 552
0.9750008583068848 1034 553
2.3419082164764404 1031 554
0.5310332775115967 1033 555
0.662001371383667 1035 556
1.6878199577331543 1035 557
0.2050018310546875 1032 558
0.1549983024597168 1031 559
0.4680500030517578 1032 560
0.18995928764343262 1033 561
0.9577641487121582 1035 562
1.0110607147216797 1035 563
1.4019355773925781 1034 564
0.5710337162017822 1034 565
0.7072772979736328 1029 566
1.394606351852417 1036 567
0.4470338821411133 1034 568
0.5250000953674316 1034 569
0.41301393508911133 1031 570
0.9995601177215576 1035 571
0.621999979019165 1034 572
0.920966625213623 1035 573
1.3774745464324951 1033 574
0.32700228691101074 1032 575
0.5870132446289062 1031 576
0.7250890731811523 1029 577
0.5731980800628662 1034 578
0.718031644821167 1032 579
0.3189661502838135 1033 580
0.9520275592803955 1034 581
1.420006275177002 1034 582
0.23000788688659668 1032 583
1.2257380485534668 1035 584
1.015000581741333 1035 585
0.2720017433166504 1033 586
0.34955739974975586 1033 587
0.2330341339111328 1032 588
1.4346203804016113 1035 589
0.2889974117279053 1032 590
0.40196657180786133 1034 591
0.8275980949401855 1033 592
0.3194587230682373 1033 593
0.4350125789642334 1032 594
0.40101122856140137 1031 595
0.338714599609375 1032 596
0.5280332565307617 1028 597
0.2440013885498047 1032 598
0.2680025100708008 1032 599
0.483997106552124 1033 600
0.7169315814971924 1035 601
1.1090936660766602 1035 602
0.31200075149536133 1031 603
0.5830001831054688 1034 604
1.3546018600463867 1034 605
0.6550023555755615 1034 606
0.8319778442382812 1034 607
0.6716229915618896 1033 608
0.8228754997253418 1034 609
0.2890007495880127 1032 610
0.327009916305542 1032 611
0.5300006866455078 1033 612
0.552009105682373 1034 613
0.39499950408935547 1032 614
0.6460003852844238 1034 615
0.28003501892089844 1031 616
0.2930598258972168 1032 617
1.2761027812957764 1035 618
0.8089613914489746 1030 619
0.2569997310638428 1032 620
0.11699986457824707 1031 621
1.1785852909088135 1032 622
0.13400030136108398 1031 623
0.4335057735443115 1032 624
0.5139994621276855 1033 625
1.2100002765655518 1035 626
0.5480022430419922 1033 627
0.696997880935669 1034 628
0.4791104793548584 1033 629
0.8173766136169434 1035 630
0.6559982299804688 1034 631
0.9089682102203369 1035 632
1.0706534385681152 1032 633
1.347322702407837 1035 634
0.8513123989105225 1035 635
0.2030777931213379 1031 636
0.22199797630310059 1029 637
0.09496188163757324 1029 638
0.7189993858337402 1034 639
0.5969998836517334 1032 640
0.5995995998382568 1031 641
0.8388524055480957 1034 642
0.8290004730224609 1034 643
0.7849669456481934 1034 644
1.2941474914550781 1031 645
0.29799938201904297 1033 646
0.9041550159454346 1035 647
1.042353630065918 1035 648
0.6730015277862549 1034 649
0.2369997501373291 1032 650
0.4539980888366699 1029 651
0.2990870475769043 1032 652
1.2130019664764404 1035 653
0.2609987258911133 1032 654
1.2399985790252686 1035 655
0.2560007572174072 1029 656
0.34363484382629395 1032 657
1.3730576038360596 1033 658
1.810807228088379 1033 659
0.4630928039550781 1033 660
0.6230199337005615 1034 661
1.0511364936828613 1030 662
0.743964672088623 1034 663
1.0190887451171875 1034 664
1.3820421695709229 1035 665
0.47299933433532715 1033 666
1.2422020435333252 1035 667
0.7520086765289307 1033 668
0.6560001373291016 1035 669
0.2690091133117676 1031 670
1.4330413341522217 1035 671
0.3801109790802002 1033 672
0.8629992008209229 1034 673
0.47499895095825195 1034 674
0.2689998149871826 1032 675
0.39799976348876953 1032 676
0.6369998455047607 1030 677
0.23000168800354004 1032 678
0.6630287170410156 1034 679
0.6510570049285889 1033 680
1.1210005283355713 1035 681
0.15399980545043945 1030 682
0.5085484981536865 1033 683
2.2160205841064453 1036 684
0.45886874198913574 1033 685
0.26610422134399414 1030 686
0.28705763816833496 1032 687
0.462998628616333 1034 688
1.3961105346679688 1033 689
0.6839990615844727 1033 690
0.5719666481018066 1034 691
0.38103437423706055 1034 692
0.2865867614746094 1030 693
0.26000189781188965 1032 694
0.6799640655517578 1032 695
1.075019359588623 1033 696
0.304034948348999 1032 697
0.30506110191345215 1030 698
1.1084177494049072 1035 699
0.8279662132263184 1035 700
0.3090794086456299 1032 701
0.13700127601623535 1029 702
0.41700077056884766 1032 703
0.1790008544921875 1031 704
0.5091347694396973 1033 705
0.821047306060791 1034 706
1.5582220554351807 1034 707
0.2839984893798828 1032 708
0.7050042152404785 1034 709
1.0829973220825195 1035 710
0.10399961471557617 1030 711
0.6987574100494385 1034 712
1.0459632873535156 1034 713
0.3770136833190918 1033 714
0.3679993152618408 1031 715
0.883000373840332 1034 716
1.2965059280395508 1035 717
0.3770003318786621 1033 718
0.40867042541503906 1032 719
0.42003607749938965 1031 720
0.18600773811340332 1032 721
0.5619590282440186 1032 722
0.1379995346069336 1031 723
0.7250359058380127 1034 724
0.8081843852996826 1035 725
1.4739634990692139 1035 726
0.9060001373291016 1034 727
0.5790002346038818 1032 728
0.693000078201294 1031 729
1.2220001220703125 1035 730
0.18400025367736816 1030 731
0.7570009231567383 1030 732
1.4319992065429688 1035 733
0.490999698638916 1033 734
1.4660181999206543 1035 735
0.9430341720581055 1033 736
1.493579626083374 1036 737
0.39502882957458496 1032 738
0.3530004024505615 1033 739
0.5925014019012451 1031 740
0.5730345249176025 1033 741
0.7319674491882324 1034 742
0.5910005569458008 1034 743
0.8189990520477295 1034 744
1.0641610622406006 1035 745
0.7390365600585938 1035 746
0.5070011615753174 1032 747
1.1531872749328613 1034 748
0.22699999809265137 1033 749
1.4727997779846191 1035 750
1.5443108081817627 1036 751
0.36905741691589355 1032 752
0.4289987087249756 1032 753
0.8071777820587158 1032 754
0.9347999095916748 1034 755
0.28899574279785156 1032 756
1.0131044387817383 1035 757
0.5599668025970459 1035 758
0.5399997234344482 1033 759
0.8869998455047607 1034 760
0.8150103092193604 1035 761
0.9471068382263184 1034 762
0.9426252841949463 1035 763
0.15898799896240234 1031 764
0.2780122756958008 1032 765
0.8936123847961426 1034 766
0.9049994945526123 1035 767
0.5440001487731934 1031 768
0.40996479988098145 1033 769
1.1754519939422607 1036 770
0.5190446376800537 1034 771
0.4420020580291748 1029 772
0.6441543102264404 1033 773
0.27224183082580566 1032 774
0.40703439712524414 1033 775
0.6059978008270264 1032 776
0.4960055351257324 1034 777
0.9991250038146973 1034 778
0.7031052112579346 1034 779
0.29399824142456055 1033 780
1.4577059745788574 1033 781
0.47762250900268555 1034 782
2.24601411819458 1035 783
0.4229142665863037 1033 784
0.8992300033569336 1032 785
0.3189976215362549 1033 786
0.44100069999694824 1033 787
1.178008794784546 1031 788
0.3639998435974121 1033 789
0.45399999618530273 1032 790
0.9097986221313477 1033 791
0.9520297050476074 1034 792
0.868999719619751 1034 793
1.8579058647155762 1036 794
0.5290122032165527 1030 795
1.5553171634674072 1035 796
1.386009693145752 1035 797
0.5789999961853027 1034 798
1.7118327617645264 1033 799
0.5769999027252197 1034 800
0.7790088653564453 1034 801
0.24000000953674316 1031 802
0.5499978065490723 1033 803
0.7360386848449707 1034 804
0.5199949741363525 1034 805
0.556999683380127 1034 806
0.5270001888275146 1029 807
0.7129998207092285 1033 808
0.4460020065307617 1034 809
1.310317039489746 1034 810
0.20300936698913574 1029 811
1.062009572982788 1033 812
1.030024528503418 1034 813
0.575265645980835 1034 814
0.6314380168914795 1035 815
2.021939992904663 1035 816
0.6351015567779541 1034 817
0.5780026912689209 1034 818
0.5560319423675537 1034 819
0.871192216873169 1034 820
0.6190457344055176 1034 821
0.8703572750091553 1034 822
0.31100964546203613 1030 823
0.16698336601257324 1031 824
0.5454330444335938 1029 825
0.5649998188018799 1032 826
1.1086342334747314 1035 827
1.4659616947174072 1033 828
0.9400348663330078 1034 829
0.6556301116943359 1033 830
0.3600442409515381 1032 831
0.6040012836456299 1032 832
0.47300291061401367 1030 833
0.5819971561431885 1034 834
0.5410621166229248 1033 835
0.14100027084350586 1030 836
0.490001916885376 1033 837
0.4999978542327881 1032 838
0.48799824714660645 1034 839
0.7672295570373535 1035 840
0.3360316753387451 1033 841
0.7410035133361816 1035 842
0.8480117321014404 1032 843
0.1289970874786377 1030 844
0.32700085639953613 1033 845
0.2030024528503418 1032 846
0.43599629402160645 1032 847
0.4480001926422119 1032 848
0.6159987449645996 1032 849
0.4749932289123535 1033 850
0.33104419708251953 1033 851
0.7912073135375977 1033 852
0.23299932479858398 1030 853
1.0739753246307373 1033 854
1.6070268154144287 1035 855
1.8113479614257812 1033 856
1.0460336208343506 1034 857
0.6120021343231201 1033 858
0.24057316780090332 1032 859
1.3718883991241455 1035 860
0.9290335178375244 1033 861
0.8147284984588623 1034 862
0.6670429706573486 1034 863
0.757122278213501 1035 864
0.6260015964508057 1033 865
0.6189639568328857 1033 866
0.3410027027130127 1033 867
0.3660879135131836 1030 868
0.5880331993103027 1034 869
0.18000125885009766 1031 870
1.0291807651519775 1035 871
0.786015510559082 1033 872
0.3009974956512451 1033 873
0.5620017051696777 1033 874
1.2882978916168213 1034 875
0.3119995594024658 1031 876
1.8058764934539795 1034 877
0.43405985832214355 1033 878
0.19199752807617188 1031 879
0.41899704933166504 1031 880
0.31099915504455566 1033 881
0.29400205612182617 1033 882
0.527045488357544 1034 883
0.8320000171661377 1034 884
1.3082807064056396 1035 885
0.6611809730529785 1033 886
0.28096556663513184 1034 887
0.5779986381530762 1035 888
0.3330342769622803 1032 889
0.1340010166168213 1026 890
0.5849661827087402 1033 891
0.21599817276000977 1031 892
1.045145034790039 1035 893
0.6430051326751709 1032 894
0.6639599800109863 1034 895
0.4633042812347412 1033 896
1.0075547695159912 1034 897
1.4871487617492676 1035 898
1.2700002193450928 1034 899
0.6919996738433838 1032 900
0.7260003089904785 1035 901
0.5909998416900635 1035 902
0.48299336433410645 1029 903
0.3799736499786377 1033 904
0.47376513481140137 1034 905
1.0240938663482666 1034 906
0.7539653778076172 1032 907
0.4510352611541748 1033 908
0.11117267608642578 1030 909
0.24500179290771484 1030 910
0.40612030029296875 1034 911
0.4997708797454834 1034 912
0.9129641056060791 1034 913
0.6959998607635498 1032 914
0.8051059246063232 1035 915
0.7970361709594727 1034 916
0.7350001335144043 1034 917
0.22499895095825195 1032 918
1.2250492572784424 1036 919
0.4669966697692871 1030 920
0.6619670391082764 1032 921
0.2200000286102295 1033 922
0.3130002021789551 1032 923
1.4092130661010742 1034 924
0.31201720237731934 1031 925
0.68399977684021 1033 926
0.40450572967529297 1034 927
0.35900306701660156 1033 928
0.5160365104675293 1033 929
0.4089975357055664 1032 930
0.6010029315948486 1032 931
0.6210460662841797 1033 932
0.6599698066711426 1033 933
0.3490455150604248 1033 934
0.47400999069213867 1034 935
0.5939998626708984 1029 936
0.26600098609924316 1032 937
1.1559243202209473 1033 938
0.3222329616546631 1031 939
0.4809987545013428 1033 940
0.44500255584716797 1034 941
1.3016095161437988 1034 942
0.574272871017456 1032 943
0.42403340339660645 1033 944
0.6690042018890381 1033 945
1.3091132640838623 1034 946
0.5289661884307861 1034 947
1.7050330638885498 1035 948
0.8320000171661377 1033 949
0.9350018501281738 1032 950
0.5039622783660889 1034 951
0.561037540435791 1031 952
0.36249446868896484 1033 953
0.6420810222625732 1034 954
1.116004228591919 1035 955
0.14299535751342773 1029 956
0.21796607971191406 1032 957
0.9886264801025391 1033 958
0.3540000915527344 1033 959
0.854682207107544 1035 960
0.6776480674743652 1034 961
0.5370006561279297 1034 962
0.35258960723876953 1032 963
0.8629982471466064 1035 964
0.8330056667327881 1035 965
1.362579107284546 1035 966
0.23604798316955566 1032 967
0.7920129299163818 1035 968
1.1379806995391846 1034 969
1.5330333709716797 1035 970
0.6596145629882812 1034 971
0.883997917175293 1034 972
1.3482320308685303 1035 973
0.8640239238739014 1034 974
0.8169975280761719 1034 975
0.18800067901611328 1029 976
0.3879990577697754 1034 977
0.40600061416625977 1033 978
0.11899948120117188 1030 979
0.742030143737793 1032 980
0.6320087909698486 1031 981
0.6469619274139404 1034 982
0.5686244964599609 1031 983
0.3829994201660156 1032 984
0.4310035705566406 1031 985
1.1660544872283936 1034 986
1.4420199394226074 1030 987
1.8510465621948242 1034 988
0.8822081089019775 1034 989
0.29377102851867676 1029 990
0.5551083087921143 1033 991
0.6870017051696777 1034 992
0.6580350399017334 1033 993
0.36861371994018555 1033 994
0.8216092586517334 1034 995
0.7879974842071533 1035 996
0.17100191116333008 1030 997
0.8601589202880859 1033 998
0.8481781482696533 1031 999
